/ref 13258926.000 55 1
/user 13259318.000 55 1
/ref 13259376.000 55 0
/ref 13259526.000 60 1
/user 13259691.000 55 0
/user 13259828.000 60 1
/ref 13260426.000 60 0
/user 13260664.000 60 0
/ref 13260726.000 64 1
/user 13260734.000 64 1
/ref 13260951.000 64 0
/user 13260976.000 64 0
/user 13261013.000 60 1
/ref 13261026.000 60 1
/ref 13261251.000 60 0
/user 13261292.000 60 0
/ref 13261326.000 64 1
/user 13261346.000 64 1
/ref 13262226.000 64 0
/ref 13262526.000 62 1
/user 13262553.000 64 0
/user 13262570.000 62 1
/ref 13262976.000 62 0
/ref 13263126.000 60 1
/user 13263170.000 62 0
/user 13263194.000 60 1
/ref 13264026.000 60 0
/ref 13264326.000 57 1
/user 13264405.000 60 0
/user 13264414.000 57 1
/ref 13264776.000 57 0
/ref 13264926.000 55 1
/user 13265003.000 55 1
/user 13265007.000 57 0
/ref 13265826.000 55 0
/user 13266096.000 55 0
/ref 13266126.000 55 1
/user 13266242.000 55 1
/ref 13266576.000 55 0
/user 13266636.000 55 0
/ref 13266726.000 60 1
/user 13266761.000 59 1
/ref 13267626.000 60 0
/ref 13267926.000 64 1
/user 13267955.000 59 0
/user 13268094.000 62 1
/ref 13268151.000 64 0
/ref 13268226.000 60 1
/user 13268356.000 62 0
/user 13268400.000 59 1
/ref 13268451.000 60 0
/ref 13268526.000 64 1
/user 13268579.000 59 0
/user 13268784.000 64 1
/ref 13269426.000 64 0
/user 13269555.000 64 0
/ref 13269726.000 62 1
/user 13269778.000 62 1
/ref 13270176.000 62 0
/user 13270274.000 62 0
/ref 13270326.000 67 1
/user 13270422.000 67 1
/ref 13272576.000 67 0
/user 13272896.000 67 0
/user 13273095.000 64 1
/ref 13273326.000 64 1
/ref 13273776.000 64 0
/user 13273846.000 64 0
/ref 13273926.000 67 1
/user 13273957.000 69 1
/user 13274174.000 67 1
/user 13274340.000 69 0
/ref 13274601.000 67 0
/ref 13274826.000 64 1
/user 13274925.000 67 0
/user 13274962.000 64 1
/ref 13275051.000 64 0
/ref 13275126.000 67 1
/user 13275158.000 64 0
/user 13275212.000 67 1
/ref 13275351.000 67 0
/ref 13275426.000 64 1
/user 13275434.000 64 1
/user 13275446.000 67 0
/ref 13275651.000 64 0
/user 13275708.000 64 0
/ref 13275726.000 60 1
/user 13275743.000 60 1
/ref 13276626.000 60 0
/user 13276811.000 60 0
/user 13276923.000 55 1
/ref 13276926.000 55 1
/ref 13277376.000 55 0
/user 13277461.000 55 0
/ref 13277526.000 57 1
/user 13277556.000 57 1
/ref 13278201.000 57 0
/ref 13278426.000 60 1
/user 13278428.000 57 0
/user 13278516.000 60 1
/ref 13278651.000 60 0
/user 13278656.000 60 0
/ref 13278726.000 60 1
/user 13278774.000 60 1
/ref 13278951.000 60 0
/user 13278990.000 60 0
/ref 13279026.000 57 1
/user 13279116.000 57 1
/ref 13279251.000 57 0
/ref 13279326.000 55 1
/user 13279400.000 57 0
/user 13279573.000 55 1
/ref 13280226.000 55 0
/user 13280501.000 55 0
/ref 13280526.000 55 1
/user 13280648.000 55 1
/ref 13280976.000 55 0
/user 13281106.000 55 0
/ref 13281126.000 60 1
/user 13281278.000 60 1
/ref 13282026.000 60 0
/user 13282234.000 60 0
/ref 13282326.000 64 1
/user 13282338.000 64 1
/ref 13282551.000 64 0
/user 13282600.000 64 0
/ref 13282626.000 60 1
/user 13282696.000 60 1
/ref 13282851.000 60 0
/user 13282912.000 60 0
/ref 13282926.000 64 1
/user 13283026.000 64 1
/ref 13283826.000 64 0
/user 13284078.000 64 0
/ref 13284126.000 62 1
/user 13284231.000 61 1
/ref 13284576.000 62 0
/ref 13284726.000 60 1
/user 13284838.000 61 0
/user 13284963.000 60 1
/ref 13286076.000 60 0
/user 13287103.000 60 0
