/ref 13171002.000 55 1
/user 13171219.000 55 1
/ref 13171451.000 55 0
/ref 13171602.000 60 1
/user 13171619.000 55 0
/user 13171703.000 60 1
/ref 13172501.000 60 0
/user 13172677.000 60 0
/user 13172684.000 64 1
/ref 13172801.000 64 1
/user 13172990.000 60 1
/user 13172996.000 64 0
/ref 13173026.000 64 0
/ref 13173102.000 60 1
/ref 13173326.000 60 0
/user 13173370.000 64 1
/user 13173382.000 60 0
/ref 13173401.000 64 1
/ref 13174301.000 64 0
/user 13174365.000 64 0
/user 13174500.000 62 1
/ref 13174601.000 62 1
/ref 13175051.000 62 0
/user 13175069.000 62 0
/user 13175164.000 60 1
/ref 13175202.000 60 1
/ref 13176101.000 60 0
/user 13176132.000 60 0
/user 13176284.000 57 1
/ref 13176401.000 57 1
/ref 13176851.000 57 0
/user 13176877.000 57 0
/ref 13177002.000 55 1
/user 13177017.000 55 1
/ref 13177901.000 55 0
/user 13178042.000 55 0
/ref 13178201.000 55 1
/user 13178258.000 55 1
/ref 13178651.000 55 0
/user 13178711.000 55 0
/ref 13178802.000 60 1
/user 13178848.000 60 1
/ref 13179701.000 60 0
/user 13179905.000 60 0
/ref 13180001.000 64 1
/user 13180009.000 64 1
/ref 13180226.000 64 0
/user 13180265.000 64 0
/ref 13180301.000 60 1
/user 13180339.000 60 1
/ref 13180526.000 60 0
/user 13180529.000 60 0
/ref 13180601.000 64 1
/user 13180643.000 64 1
/ref 13181501.000 64 0
/user 13181564.000 64 0
/user 13181748.000 62 1
/ref 13181801.000 62 1
/ref 13182251.000 62 0
/user 13182254.000 62 0
/user 13182395.000 67 1
/ref 13182401.000 67 1
/ref 13184651.000 67 0
/user 13185252.000 67 0
/user 13185388.000 64 1
/ref 13185402.000 64 1
/ref 13185851.000 64 0
/user 13185894.000 64 0
/ref 13186001.000 67 1
/user 13186009.000 67 1
/ref 13186676.000 67 0
/user 13186883.000 67 0
/ref 13186901.000 64 1
/user 13186949.000 64 1
/user 13187124.000 64 0
/ref 13187126.000 64 0
/ref 13187202.000 67 1
/user 13187239.000 67 1
/ref 13187426.000 67 0
/ref 13187501.000 64 1
/user 13187531.000 64 1
/user 13187544.000 67 0
/user 13187717.000 64 0
/ref 13187726.000 64 0
/ref 13187801.000 60 1
/user 13187834.000 60 1
/ref 13188701.000 60 0
/user 13188965.000 60 0
/ref 13189001.000 55 1
/user 13189061.000 55 1
/ref 13189451.000 55 0
/user 13189554.000 55 0
/ref 13189601.000 57 1
/user 13189625.000 57 1
/ref 13190276.000 57 0
/user 13190464.000 57 0
/ref 13190501.000 60 1
/user 13190555.000 60 1
/user 13190710.000 60 0
/ref 13190726.000 60 0
/ref 13190801.000 60 1
/user 13190842.000 60 1
/ref 13191026.000 60 0
/user 13191044.000 60 0
/ref 13191101.000 57 1
/user 13191113.000 57 1
/user 13191314.000 57 0
/ref 13191326.000 57 0
/ref 13191402.000 55 1
/user 13191415.000 55 1
/ref 13192301.000 55 0
/user 13192453.000 55 0
/ref 13192601.000 55 1
/user 13192627.000 55 1
/ref 13193051.000 55 0
/user 13193085.000 55 0
/ref 13193202.000 60 1
/user 13193248.000 60 1
/ref 13194101.000 60 0
/user 13194176.000 60 0
/user 13194325.000 64 1
/ref 13194401.000 64 1
/user 13194512.000 64 0
/ref 13194626.000 64 0
/user 13194668.000 60 1
/ref 13194702.000 60 1
/user 13194852.000 60 0
/ref 13194926.000 60 0
/user 13194962.000 64 1
/ref 13195001.000 64 1
/ref 13195901.000 64 0
/user 13196010.000 64 0
/user 13196110.000 62 1
/ref 13196201.000 62 1
/ref 13196651.000 62 0
/user 13196710.000 62 0
/ref 13196802.000 60 1
/user 13196814.000 60 1
/user 13196823.000 62 1
/user 13196860.000 62 0
/ref 13198151.000 60 0
/user 13198661.000 60 0
