/ref 13299872.000 55 1
/ref 13300322.000 55 0
/ref 13300472.000 60 1
/user 13300909.000 55 1
/user 13301308.000 55 0
/ref 13301372.000 60 0
/user 13301401.000 60 1
/ref 13301672.000 64 1
/ref 13301897.000 64 0
/ref 13301972.000 60 1
/ref 13302197.000 60 0
/ref 13302272.000 64 1
/user 13302476.000 60 0
/user 13302614.000 64 1
/user 13302907.000 64 0
/user 13302937.000 60 1
/user 13303155.000 60 0
/ref 13303172.000 64 0
/user 13303273.000 64 1
/user 13303339.000 62 1
/ref 13303472.000 62 1
/user 13303731.000 62 0
/ref 13303922.000 62 0
/ref 13304072.000 60 1
/user 13304189.000 64 0
/user 13304271.000 62 1
/user 13304949.000 62 0
/ref 13304972.000 60 0
/user 13305065.000 60 1
/ref 13305272.000 57 1
/ref 13305722.000 57 0
/ref 13305872.000 55 1
/user 13306074.000 60 0
/user 13306171.000 58 1
/user 13306569.000 58 0
/user 13306732.000 57 1
/ref 13306772.000 55 0
/ref 13307072.000 55 1
/ref 13307522.000 55 0
/user 13307658.000 57 0
/ref 13307672.000 60 1
/user 13307818.000 57 1
/user 13308144.000 57 0
/user 13308269.000 60 1
/ref 13308572.000 60 0
/ref 13308872.000 64 1
/user 13308971.000 60 0
/user 13309047.000 64 1
/ref 13309097.000 64 0
/ref 13309172.000 60 1
/user 13309257.000 64 0
/user 13309286.000 60 1
/ref 13309397.000 60 0
/user 13309468.000 60 0
/ref 13309472.000 64 1
/user 13309524.000 64 1
/user 13310188.000 64 0
/user 13310283.000 62 1
/ref 13310372.000 64 0
/ref 13310672.000 62 1
/user 13310710.000 62 0
/user 13310799.000 69 1
/user 13310806.000 67 1
/user 13310917.000 67 0
/ref 13311122.000 62 0
/ref 13311272.000 67 1
/user 13313472.000 69 0
/ref 13313522.000 67 0
/ref 13314272.000 64 1
/user 13314552.000 64 1
/ref 13314722.000 64 0
/ref 13314872.000 67 1
/user 13315043.000 64 0
/user 13315251.000 67 1
/ref 13315547.000 67 0
/ref 13315772.000 64 1
/ref 13315997.000 64 0
/ref 13316072.000 67 1
/user 13316084.000 67 0
/user 13316238.000 64 1
/ref 13316297.000 67 0
/ref 13316372.000 64 1
/user 13316486.000 64 0
/user 13316586.000 67 1
/ref 13316597.000 64 0
/ref 13316672.000 60 1
/user 13316904.000 67 0
/user 13317130.000 64 1
/user 13317459.000 64 0
/ref 13317572.000 60 0
/user 13317590.000 60 1
/ref 13317872.000 55 1
/ref 13318322.000 55 0
/user 13318412.000 60 0
/ref 13318472.000 57 1
/user 13318688.000 55 1
/ref 13319147.000 57 0
/user 13319148.000 55 0
/ref 13319372.000 60 1
/user 13319383.000 57 1
/ref 13319597.000 60 0
/ref 13319672.000 60 1
/ref 13319897.000 60 0
/ref 13319972.000 57 1
/user 13320044.000 57 0
/ref 13320197.000 57 0
/user 13320268.000 60 1
/ref 13320272.000 55 1
/user 13320508.000 60 0
/user 13320785.000 60 1
/user 13321100.000 60 0
/ref 13321172.000 55 0
/user 13321284.000 57 1
/ref 13321472.000 55 1
/user 13321720.000 57 0
/ref 13321922.000 55 0
/ref 13322072.000 60 1
/user 13322251.000 55 1
/ref 13322972.000 60 0
/user 13323104.000 55 0
/ref 13323272.000 64 1
/user 13323378.000 55 1
/ref 13323497.000 64 0
/ref 13323572.000 60 1
/ref 13323797.000 60 0
/ref 13323872.000 64 1
/user 13323941.000 55 0
/user 13324069.000 59 1
/ref 13324772.000 64 0
/user 13324812.000 59 0
/user 13324985.000 62 1
/ref 13325072.000 62 1
/user 13325291.000 62 0
/user 13325294.000 59 1
/user 13325498.000 59 0
/ref 13325522.000 62 0
/user 13325561.000 62 1
/ref 13325672.000 60 1
/user 13325996.000 62 0
/user 13326069.000 60 1
/ref 13327022.000 60 0
/user 13328210.000 60 0
