/ref 12775321.000 55 100
/user 12775555.000 55 66
/ref 12775771.000 55 0
/ref 12775921.000 60 100
/user 12776042.000 55 0
/user 12776138.000 60 84
/ref 12776821.000 60 0
/ref 12777121.000 64 100
/user 12777173.000 60 0
/user 12777179.000 64 38
/ref 12777346.000 64 0
/ref 12777421.000 60 100
/user 12777634.000 60 56
/ref 12777646.000 60 0
/user 12777650.000 64 0
/ref 12777721.000 64 100
/user 12777917.000 60 0
/user 12777927.000 64 38
/ref 12778621.000 64 0
/user 12778693.000 64 0
/user 12778846.000 62 31
/ref 12778921.000 62 100
/ref 12779371.000 62 0
/user 12779396.000 62 0
/ref 12779521.000 60 100
/user 12779526.000 60 35
/ref 12780421.000 60 0
/user 12780583.000 60 0
/user 12780720.000 57 38
/ref 12780721.000 57 100
/ref 12781171.000 57 0
/user 12781216.000 57 0
/ref 12781321.000 55 100
/user 12781348.000 55 29
/ref 12782221.000 55 0
/user 12782275.000 55 0
/user 12782518.000 55 56
/ref 12782521.000 55 100
/ref 12782971.000 55 0
/user 12783007.000 55 0
/ref 12783121.000 60 100
/user 12783175.000 60 61
/ref 12784021.000 60 0
/user 12784122.000 60 0
/user 12784283.000 64 48
/ref 12784321.000 64 100
/ref 12784546.000 64 0
/ref 12784621.000 60 100
/user 12784634.000 64 0
/user 12784665.000 60 41
/ref 12784846.000 60 0
/ref 12784921.000 64 100
/user 12784944.000 60 0
/user 12785037.000 64 44
/ref 12785821.000 64 0
/user 12786034.000 64 0
/ref 12786121.000 62 100
/user 12786154.000 62 52
/user 12786436.000 62 0
/ref 12786571.000 62 0
/ref 12786721.000 67 100
/user 12786867.000 67 66
/ref 12788971.000 67 0
/user 12789491.000 67 0
/ref 12789721.000 64 100
/user 12789783.000 64 66
/ref 12790171.000 64 0
/user 12790277.000 64 0
/ref 12790321.000 67 100
/user 12790354.000 67 48
/ref 12790996.000 67 0
/user 12791171.000 67 0
/user 12791194.000 64 38
/ref 12791221.000 64 100
/ref 12791446.000 64 0
/user 12791467.000 64 0
/ref 12791521.000 67 100
/user 12791532.000 67 48
/ref 12791746.000 67 0
/ref 12791821.000 64 100
/user 12791831.000 64 56
/user 12791882.000 67 0
/ref 12792046.000 64 0
/ref 12792121.000 60 100
/user 12792134.000 60 38
/user 12792153.000 64 0
/ref 12793021.000 60 0
/ref 12793321.000 55 100
/user 12793417.000 60 0
/user 12793431.000 55 61
/ref 12793771.000 55 0
/ref 12793921.000 57 100
/user 12793987.000 55 0
/user 12794002.000 57 66
/ref 12794596.000 57 0
/ref 12794821.000 60 100
/user 12794860.000 57 0
/user 12794925.000 60 61
/ref 12795046.000 60 0
/user 12795094.000 60 0
/ref 12795121.000 60 100
/user 12795204.000 60 41
/ref 12795346.000 60 0
/ref 12795421.000 57 100
/user 12795449.000 60 0
/user 12795486.000 57 44
/ref 12795646.000 57 0
/ref 12795721.000 55 100
/user 12795724.000 57 0
/user 12795793.000 55 52
/ref 12796621.000 55 0
/user 12796665.000 55 0
/ref 12796921.000 55 100
/user 12796936.000 55 52
/ref 12797371.000 55 0
/ref 12797521.000 60 100
/user 12797554.000 55 0
/user 12797629.000 60 48
/ref 12798421.000 60 0
/user 12798633.000 60 0
/ref 12798721.000 64 100
/user 12798730.000 64 56
/ref 12798946.000 64 0
/user 12799014.000 64 0
/user 12799019.000 60 41
/ref 12799021.000 60 100
/ref 12799246.000 60 0
/user 12799258.000 60 0
/ref 12799321.000 64 100
/user 12799349.000 64 66
/ref 12800221.000 64 0
/user 12800372.000 64 0
/user 12800488.000 62 52
/ref 12800521.000 62 100
/ref 12800971.000 62 0
/user 12801085.000 62 0
/ref 12801121.000 60 100
/user 12801165.000 60 56
/ref 12802471.000 60 0
/user 12803155.000 60 0
